0,1826F456,标准帧,数据帧,00 01 02 03 04 05 06 07
1,00000003,标准帧,远程帧,00 01 02 03 04 05 06 07
0,00000004,标准帧,远程帧,00 01 02 03 04 05 06 07
0,00000006,标准帧,远程帧,00 01 02 03 04 05 06 07
0,00000000,扩展帧,数据帧,00 01 02 03 04 05 06 07
0,00000000,标准帧,数据帧,00 01 02 03 04 05 06 07
0,00000000,标准帧,数据帧,00 01 02 03 04 05 06 07
0,00000000,扩展帧,数据帧,00 01 02 03 04 05 06 07
0,00000000,标准帧,数据帧,00 01 02 03 04 05 06 07
0,00000000,标准帧,数据帧,00 01 02 03 04 05 06 07
0,00000000,标准帧,数据帧,00 01 02 03 04 05 06 07
0,00000000,标准帧,数据帧,00 01 02 03 04 05 06 07
0,00000000,标准帧,数据帧,00 01 02 03 04 05 06 07
0,00000000,标准帧,数据帧,00 01 02 03 04 05 06 07
0,00000000,标准帧,数据帧,00 01 02 03 04 05 06 07
0,00000000,标准帧,数据帧,00 01 02 03 04 05 06 07
0,00000000,标准帧,数据帧,00 01 02 03 04 05 06 07
0,00000000,标准帧,数据帧,00 01 02 03 04 05 06 07
0,00000000,标准帧,数据帧,00 01 02 03 04 05 06 07
0,00000000,标准帧,数据帧,00 01 02 03 04 05 06 07
0,00000000,标准帧,数据帧,00 01 02 03 04 05 06 07
0,00000000,标准帧,数据帧,00 01 02 03 04 05 06 07
0,00000000,标准帧,数据帧,00 01 02 03 04 05 06 07
0,00000000,标准帧,数据帧,00 01 02 03 04 05 06 07
0,00000000,标准帧,数据帧,00 01 02 03 04 05 06 07
0,00000000,标准帧,数据帧,00 01 02 03 04 05 06 07
0,00000000,标准帧,数据帧,00 01 02 03 04 05 06 07
0,00000000,标准帧,数据帧,00 01 02 03 04 05 06 07
0,00000000,标准帧,数据帧,00 01 02 03 04 05 06 07
0,00000000,标准帧,数据帧,00 01 02 03 04 05 06 07
0,00000000,标准帧,数据帧,00 01 02 03 04 05 06 07
0,00000000,标准帧,数据帧,00 01 02 03 04 05 06 07
0,00000000,标准帧,数据帧,00 01 02 03 04 05 06 07
0,00000000,标准帧,数据帧,00 01 02 03 04 05 06 07
0,00000000,标准帧,数据帧,00 01 02 03 04 05 06 07
0,00000000,标准帧,数据帧,00 01 02 03 04 05 06 07
0,00000000,标准帧,数据帧,00 01 02 03 04 05 06 07
0,00000000,标准帧,数据帧,00 01 02 03 04 05 06 07
0,00000000,标准帧,数据帧,00 01 02 03 04 05 06 07
0,00000000,标准帧,数据帧,00 01 02 03 04 05 06 07
0,00000000,标准帧,数据帧,00 01 02 03 04 05 06 07
0,00000000,标准帧,数据帧,00 01 02 03 04 05 06 07
0,00000000,标准帧,数据帧,00 01 02 03 04 05 06 07
0,00000000,标准帧,数据帧,00 01 02 03 04 05 06 07
0,00000000,标准帧,数据帧,00 01 02 03 04 05 06 07
0,00000000,标准帧,数据帧,00 01 02 03 04 05 06 07
0,00000000,标准帧,数据帧,00 01 02 03 04 05 06 07
0,00000000,标准帧,数据帧,00 01 02 03 04 05 06 07
0,00000000,标准帧,数据帧,00 01 02 03 04 05 06 07
0,00000000,标准帧,数据帧,00 01 02 03 04 05 06 07
0,00000000,标准帧,数据帧,00 01 02 03 04 05 06 07
0,00000000,标准帧,数据帧,00 01 02 03 04 05 06 07
0,00000000,标准帧,数据帧,00 01 02 03 04 05 06 07
0,00000000,标准帧,数据帧,00 01 02 03 04 05 06 07
0,00000000,标准帧,数据帧,00 01 02 03 04 05 06 07
0,00000000,标准帧,数据帧,00 01 02 03 04 05 06 07
0,00000000,标准帧,数据帧,00 01 02 03 04 05 06 07
0,00000000,标准帧,数据帧,00 01 02 03 04 05 06 07
0,00000000,标准帧,数据帧,00 01 02 03 04 05 06 07
0,00000000,标准帧,数据帧,00 01 02 03 04 05 06 07
0,00000000,标准帧,数据帧,00 01 02 03 04 05 06 07
0,00000000,标准帧,数据帧,00 01 02 03 04 05 06 07
0,00000000,标准帧,数据帧,00 01 02 03 04 05 06 07
0,00000000,标准帧,数据帧,00 01 02 03 04 05 06 07
0,00000000,标准帧,数据帧,00 01 02 03 04 05 06 07
0,00000000,标准帧,数据帧,00 01 02 03 04 05 06 07
0,00000000,标准帧,数据帧,00 01 02 03 04 05 06 07
0,00000000,标准帧,数据帧,00 01 02 03 04 05 06 07
0,00000000,标准帧,数据帧,00 01 02 03 04 05 06 07
0,00000000,标准帧,数据帧,00 01 02 03 04 05 06 07
0,00000000,标准帧,数据帧,00 01 02 03 04 05 06 07
0,00000000,标准帧,数据帧,00 01 02 03 04 05 06 07
0,00000000,标准帧,数据帧,00 01 02 03 04 05 06 07
0,00000000,标准帧,数据帧,00 01 02 03 04 05 06 07
0,00000000,标准帧,数据帧,00 01 02 03 04 05 06 07
0,00000000,标准帧,数据帧,00 01 02 03 04 05 06 07
0,00000000,标准帧,数据帧,00 01 02 03 04 05 06 07
0,00000000,标准帧,数据帧,00 01 02 03 04 05 06 07
0,00000000,标准帧,数据帧,00 01 02 03 04 05 06 07
0,00000000,标准帧,数据帧,00 01 02 03 04 05 06 07
0,00000000,标准帧,数据帧,00 01 02 03 04 05 06 07
0,00000000,标准帧,数据帧,00 01 02 03 04 05 06 07
0,00000000,标准帧,数据帧,00 01 02 03 04 05 06 07
0,00000000,标准帧,数据帧,00 01 02 03 04 05 06 07
0,00000000,标准帧,数据帧,00 01 02 03 04 05 06 07
0,00000000,标准帧,数据帧,00 01 02 03 04 05 06 07
0,00000000,标准帧,数据帧,00 01 02 03 04 05 06 07
0,00000000,标准帧,数据帧,00 01 02 03 04 05 06 07
0,00000000,标准帧,数据帧,00 01 02 03 04 05 06 07
0,00000000,标准帧,数据帧,00 01 02 03 04 05 06 07
0,00000000,标准帧,数据帧,00 01 02 03 04 05 06 07
0,00000000,标准帧,数据帧,00 01 02 03 04 05 06 07
0,00000000,标准帧,数据帧,00 01 02 03 04 05 06 07
0,00000000,标准帧,数据帧,00 01 02 03 04 05 06 07
0,00000000,标准帧,数据帧,00 01 02 03 04 05 06 07
0,00000000,标准帧,数据帧,00 01 02 03 04 05 06 07
0,00000000,标准帧,数据帧,00 01 02 03 04 05 06 07
0,00000000,标准帧,数据帧,00 01 02 03 04 05 06 07
0,00000000,标准帧,数据帧,00 01 02 03 04 05 06 07
0,00000000,标准帧,数据帧,00 01 02 03 04 05 06 07
